0 7 7 7 7 7 7 7 7 7 7 7 
7 0 13 14 25 21 19 26 5 18 21 9 
7 13 0 31 5 16 19 17 5 16 16 36 
7 14 31 0 5 30 17 5 5 29 31 34 
7 25 5 5 0 5 5 5 5 5 5 20 
7 21 16 30 5 0 19 20 5 16 2 26 
7 19 19 17 5 19 0 8 5 19 19 30 
7 26 17 5 5 20 8 0 5 10 6 30 
7 5 5 5 5 5 5 5 0 5 5 5 
7 18 16 29 5 16 19 10 5 0 20 34 
7 21 16 31 5 2 19 6 5 20 0 23 
7 9 36 34 20 26 30 30 5 34 23 0 
